122_1 285.4 25.0 1
122_2 319.0 25.0 1
Audiotorios_1 242.2 67.4 1
Audiotorios_2 277.4 119.4 1
Audiotorios_3 317.4 87.4 1
Lateral_1 418.2 36.2 1
G_1 432.6 225.0 1
G_2 431.8 117.0 1
G_3 545.4 74.6 1
Central_1 283.8 142.6 1
Central_2 325.4 129.8 1
Central_3 325.4 152.2 1
M_1 219.0 99.4 1
M_2 189.4 106.6 1
M_3 189.4 87.4 1
M_4 163.0 99.4 1
Ascensor_M_1 173.4 89.0 1
Ascensor_M_2 167.8 89.0 1
A_1 219.0 124.2 1
A_2 210.2 116.2 1
Tecnoquimicas_1 143.8 149.8 1
Tecnoquimicas_2 175.8 179.4 1
Tecnoquimicas_3 106.2 175.4 1
Tecnoquimicas_4 171.0 203.4 1
Bristo_1 118.2 209.8 1
Bristo_2 140.6 209.8 1
Bristo_3 118.2 245.0 1
Bristo_4 140.6 245.0 1
Torre_1 35.8 188.2 1
B_1 206.2 209.0 1
B_2 214.2 249.8 1
B_3 170.2 210.6 1
B_4 169.4 244.2 1
B_5 212.60000000000002 226.60000000000002 1
B_6 187.0 255.39999999999998 1
Wonka_1 243.0 250.60000000000002 1
C_1 109.4 279.4 1
C_2 158.2 266.6 1
C_3 179.0 268.2 1
C_4 174.2 292.2 1
D_1 175.8 308.2 1
D_2 214.2 318.6 1
D_3 110.19999999999999 321.0 1
D_4 151.8 333.0 1
E_1 144.6 367.4 1
E_2 90.19999999999999 348.2 1
E_3 43.0 368.2 1
K_1 324.6 222.60000000000002 1
L_1 287.8 254.60000000000002 1
L_2 367.0 245.8 1
L_3 348.6 303.4 1
I_1 262.2 337.0 1
I_2 263.8 374.6 1
J_1 379.8 383.4 1
Piscinas_1 411.0 437.0 1
Coliseo2_1 448.6 386.6 1
Coliseo2_2 555.8 389.0 1
Coliseo2_3 494.20000000000005 433.8 1
Gym_1 573.4 457.79999999999995 1
N_1 464.6 540.2 1
N_2 527.0 540.2 1
Canchas_1 499.0 305.8 1
Canchas_2 454.20000000000005 304.2 1